

## 有关设备的参数

### 摄像内存储的图像参数

``` c
slam@slam-Default-string:~/catkin_ws/src/MYNT-EYE-S-SDK/samples/_output/bin/tutorials$ ./get_img_params 
I/utils.cc:35 Detecting MYNT EYE devices
I/utils.cc:48 MYNT EYE devices:
I/utils.cc:51   index: 0, name: MYNT-EYE-S1030, sn: 0507273D00090721, firmware: 2.4
I/utils.cc:60 Only one MYNT EYE device, select index: 0
I/synthetic.cc:52 camera calib model: pinhole
I/utils.cc:93 MYNT EYE requests:
I/utils.cc:96   index: 0, request: width: 752, height: 480, format: Format::YUYV, fps: 60
I/utils.cc:96   index: 1, request: width: 376, height: 240, format: Format::YUYV, fps: 60
I/utils.cc:107 There are 2 stream requests, select index: 
0
I/get_img_params.cc:44 Intrinsics left: {pinhole, width: 752, height: 480, fx: 357.24159093735380566, fy: 357.91697761363860764, cx: 393.53475775440506368, cy: 242.05258905749701626, model: 0, coeffs: [-0.26572123835264860, 0.05365539739930476, -0.00029110173506440, -0.00054538160712409, 0.00000000000000000]}
I/get_img_params.cc:45 Intrinsics right: {pinhole, width: 752, height: 480, fx: 360.77690456095541549, fy: 362.33104351571893176, cx: 358.18277874854840093, cy: 242.18126955672414624, model: 0, coeffs: [-0.26155997099023848, 0.04831098602759006, -0.00164678575509623, -0.00004445833133586, 0.00000000000000000]}
I/get_img_params.cc:46 Extrinsics right to left: {rotation: [0.99842585214684954, 0.00078917256449231, 0.05608203786865038, -0.00020312292109748, 0.99994532650054946, -0.01045479558807146, -0.05608722230522927, 0.01042694664668839, 0.99837142501060738], translation: [-119.12424549527692363, -1.08721969575768873, 7.70976619080879289]}
ROSMsgInfoPair:
left:
width: 752, height: 480
distortion_model: PINHOLE
D: -0.265721,0.0536554,-0.000291102,-0.000545382,0,
K: 357.242,0,357.917,0,393.535,242.053,0,0,1,
R: 0.99992,0.00922093,-0.00860999,-0.0092669,0.999943,-0.00531445,0.00856049,0.00539382,0.999949,
P: 314.366,0,402.644,0,0,314.366,240.225,0,0,0,1,0,

right:
width: 752, height: 480
distortion_model: PINHOLE
D: -0.26156,0.048311,-0.00164679,-4.44583e-05,0,
K: 360.777,0,362.331,0,358.183,242.181,0,0,1,
R: 0.997871,0.00910734,-0.0645826,-0.00876123,0.999946,0.00564031,0.0646304,-0.00506248,0.997896,
P: 314.366,0,402.644,-37528.5,0,314.366,240.225,0,0,0,1,0,

base R:0.998426,0.000789173,0.056082,-0.000203123,0.999945,-0.0104548,-0.0560872,0.0104269,0.998371,
base P:314.366,0,402.644,0,0,314.366,240.225,0,0,0,1,0,
```

### 摄像头存储的imu参数

``` c
slam@slam-Default-string:~/catkin_ws/src/MYNT-EYE-S-SDK/samples/_output/bin/tutorials$ ./get_imu_params 
I/utils.cc:35 Detecting MYNT EYE devices
I/utils.cc:48 MYNT EYE devices:
I/utils.cc:51   index: 0, name: MYNT-EYE-S1030, sn: 0507273D00090721, firmware: 2.4
I/utils.cc:60 Only one MYNT EYE device, select index: 0
I/synthetic.cc:52 camera calib model: pinhole
I/get_imu_params.cc:23 Motion intrinsics: {accel: {scale: [1.00000000000000000, 0.00000000000000000, 0.00000000000000000, 0.00000000000000000, 1.00000000000000000, 0.00000000000000000, 0.00000000000000000, 0.00000000000000000, 1.00000000000000000], assembly: [0.00000000000000000, 0.00000000000000000, 0.00000000000000000, 0.00000000000000000, 0.00000000000000000, 0.00000000000000000, 0.00000000000000000, 0.00000000000000000, 0.00000000000000000], drift: [0.00000000000000000, 0.00000000000000000, 0.00000000000000000], noise: [0.01692543239797352, 0.01673531019556103, 0.01745248750459097], bias: [0.00019031356589715, 0.00016996777864587, 0.00054490537096494], x: [0.00000000000000000, 0.00000000000000000], y: [0.00000000000000000, 0.00000000000000000], z: [0.00000000000000000, 0.00000000000000000]}, gyro: {scale: [1.00000000000000000, 0.00000000000000000, 0.00000000000000000, 0.00000000000000000, 1.00000000000000000, 0.00000000000000000, 0.00000000000000000, 0.00000000000000000, 1.00000000000000000], assembly: [0.00000000000000000, 0.00000000000000000, 0.00000000000000000, 0.00000000000000000, 0.00000000000000000, -5486124068793688683255936251187209270074392635932332070112001988456197381759672947165175699536362793613284725337872111744958183862744647903224103718245670299614498700710006264535590197791934024641512541262359795191593953928908168990292758500391456212260452596575509589842140073806143686060649302051520512.00000000000000000, 0.00000000000000000, 0.00000000000000000, 0.00000000000000000], drift: [0.00000000000000000, 0.00000000000000000, 0.00000000000000000], noise: [0.00108480261588199, 0.00124663678835018, 0.00110032299198064], bias: [0.00002340483413674, 0.00002359677156776, 0.00001497041805633], x: [1140736314266383264226818417113863395414836194116724598268279865857904996078944749352588034714794406296483338328847191254557141766192217179736694268390166659605990028443925777372074279650191037992516335308747182542477577086542806840698485080064.00000000000000000, 0.00000000000000000], y: [0.00000000000000000, 0.00000000000000000], z: [0.00000000000000000, 0.00000000000000000]}}
I/get_imu_params.cc:24 Motion extrinsics left to imu: {rotation: [-0.00646620000000000, -0.99994994000000004, -0.00763565000000000, 0.99997908999999996, -0.00646566000000000, -0.00009558000000000, 0.00004620000000000, -0.00763611000000000, 0.99997084000000003], translation: [0.00533646000000000, -0.04302922000000000, 0.02303124000000000]}


乘以根号200后：
0.239355
 0.01555
 
    6
```





## 标定所得的imu参数（两种工具结果基本一致）

``` c
accelerometer_noise_density: 0.00072019   #Noise density (continuous-time)
accelerometer_random_walk:    0.00006862  #Bias random walk

#Gyroscopes
gyroscope_noise_density:     0.00005682   #Noise density (continuous-time)
gyroscope_random_walk:    0.00000559  #Bias random walk

rostopic:    /mynteye/imu/data_raw   #the IMU ROS topic
update_rate:  200.0      #Hz (for discretization of the values above)
    
    
    
离散200hz
type: IMU
name: A3
Gyr:
   unit: " rad/s"
   avg-axis:
      gyr_n: 8.9236703514432596e-04
      gyr_w: 2.4977410034090481e-05
          
          
          Acc:
   unit: " m/s^2"
   avg-axis:
      acc_n: 1.1350499190604338e-02
      acc_w: 2.7814950001455314e-04
   
```



