# 使用小觅摄像头

 

## 录制数据集

```c++
	roslaunch mynt_eye_ros_wrapper mynteye.launch 

rosbag record -O mynteye_data.bag /mynteye/imu/data_raw /mynteye/left/image_raw /mynteye/left_rect/image_rect /mynteye/right/image_raw /mynteye/right_rect/image_rect


rosrun vins vins_node /home/slam/catkin_ws_2/src/git_project/VINS-Fusion/config/mynteye/mynteye_stereo_imu_config.yaml

rosrun vins vins_node /home/slam/catkin_ws_6/src/VINS-Fusion-master/config/tum/tum_stereo_imu_config.yaml

rosbag play -s 5.5 -r 0.5  /home/slam/Dataset/mynteye/corridor/mynteye_data6.bag 


  rosrun vins vins_node /home/slam/catkin_ws_2/src/git_project/VINS-Fusion/config/mynteye_equi/mynteye_stereo_imu_config.yaml


修改配置文件  ：  multiple_thread: 0  ，  estimate_td: 0 ？ ——之前跑euroc数据集的时候一直没有打开这个？？ 



//画出轨迹

evo_traj tum /home/slam/catkin_ws_2/src/git_project/VINS-Fusion/result_my/vio_10.csv /home/slam/catkin_ws_2/src/git_project/PL-VIO-master/config/traj/mynteye_data_10/vins_result.tum  --ref=/home/slam/catkin_ws_m/src/test_result/mynteye_data_10/vio.tum -as -p --plot


evo_traj tum /home/slam/catkin_ws_2/src/git_project/VINS-Fusion/result_my/vio_10.csv ---re/home/slam/catkin_ws_m/src/test_result/mynteye_data_10/vio.tum -p  -as --plot

evo_traj tum /home/slam/catkin_ws_m/src/test_result/mynteye_data_10/vio.tum --plot
evo_traj tum  /home/slam/catkin_ws_2/src/git_project/VINS-Fusion/result_my/vio_10.csv --plot
evo_traj tum  /home/slam/catkin_ws_2/src/git_project/PL-VIO-master/config/traj/mynteye_data_10/vins_result.tum --plot  




```





**突然发现，在主节点内结构线的方向有大问题**

___________

## 结构线特征提取节点

+ 修改bag文件名，及时间戳的范围
+ 修改话题名称  yaml文件及程序内





__________

## 结合IMU探测消失点

+ 检查探测出的消失点是否确实是在归一化平面坐标系的
  +  将图像平面的线转到归一化平面，然后检查该线与该消失点的点线距离是否符合要求
+ 将阈值放大一些，检查重力消失点所得的直线是否确实是垂直线



检测出的消失点夹角可能在70多度

原程序对另一个不正交的消失点方向，直接取正交方向是否有问题？





## 消失点检测程序的参数

+ 检测阈值，图片尺寸，相机内参







## structVIO 要修改的参数

+ bag文件导入的路径，及其时间范围 _ros文件

+ 相机的配置文件

+ focallength_——estiamtor文件与feature_mange文件

+ To_picture中相机的内参

  + 这里的相机参数与原始的会有出入，
  
  

## 程序的调整

+ 先不使用点线关联的约束，包括三角化与优化
+ 直接固定Rws 





_________________

## 测试

+ 原地转圈问题可能有点大
+ 从一开始就将Rws固定住，则发生偏移
+ 直接使用MH_05的程序，包含点线关联约束，Z轴方向会翘起来，Rws在乱摆——————最终跑飞掉了——发现这个程序是始终不固定Rws的
+ 所以，接下来调整为，稳定后固定Rws，发现，在开头有一段，几乎所有的线特征都被剔除掉了
+ 不添加点线关联约束到优化中，计算关联点线的平均距离， 0.2689



## Rws

+ 源程序中，在优化中，整个窗口的航向角不可观，会飘，所以使得优化后，0帧的航向角原转回来





________

## 让历史线尽量好看一些

```c++
 if(fabs(it_per_id.ptw1(0) - it_per_id.ptw2(0)) > 8 || fabs(it_per_id.ptw1(1) - it_per_id.ptw2(1)) > 8 
	      || fabs(it_per_id.ptw1(2) - it_per_id.ptw2(2)) > 8 )
	  
	   continue;
//发送线时，删除长度过长的



//最大观测次数
   for(auto &it_per_id : f_manager.linefeature)
    {
      
       if(it_per_id.max_num_observatoin < it_per_id.linefeature_per_frame.size())
	   it_per_id.max_num_observatoin = it_per_id.linefeature_per_frame.size();
    }



  order++;
    if(order % 5 != 0)
      return;





  if(it_per_id.max_num_observatoin < 10)
	    continue;
	  
	  if(estimator.ids_triangulated_line.count(it_per_id.feature_id) == 1)
	    continue;
	  
	 if(fabs(it_per_id.ptw1(0) - it_per_id.ptw2(0)) > 8 || fabs(it_per_id.ptw1(1) - it_per_id.ptw2(1)) > 8 
	      || fabs(it_per_id.ptw1(2) - it_per_id.ptw2(2)) > 8 )
	  
	   continue; 

```





_________

## 可能尚且存在的问题

1. 主节点接受到的结构线分类有问题
2. 寻找共线点时，特征点的划分可能有问题





_______

## 程序的调整

### 新的曼哈顿世界的探测不够鲁棒

——之前的程序已经是，只有当连续三次观测到的曼哈顿世界与之前的不一样，且着三次之间又非常接近，才会认为是一个新的曼哈顿世界









+ 点的探测及跟踪
+ 线的探测及跟踪
+ 辨识结构线提取消失点
+ 辨识共线的点线特征
+ 窗口的优化
+ 合并重复的线





## corridor_data3的实验

evo_traj tum vio.tum --plot

evo_traj tum  /home/slam/catkin_ws_2/src/git_project/PL-VIO-master/config/traj/corridor/vins_result.tum --plot 

evo_traj tum  /home/slam/catkin_ws_2/src/git_project/PL-VIO-master/config/traj/vins_result.tum --plot 

 evo_traj tum  /home/slam/catkin_ws_2/src/git_project/VINS-Fusion/vio.tum --plot

  evo_traj tum  /home/slam/catkin_ws_m/src/git_project/VINS-Fusion/corridor6/SLC-VIO.tum --plot

evo_traj tum  /home/slam/catkin_ws_m/src/git_project/VINS-Fusion/vio.tum --plot



/home/slam/catkin_ws_m/src/git_project/VINS-Fusion/corridor/SL-VIO.tum



evo_traj tum  /home/slam/catkin_ws_2/src/git_project/PL-VIO-master/config/traj/corridor/PL-VIO.tum /home/slam/catkin_ws_m/src/git_project/VINS-Fusion/corridor/SL-VIO.tum --ref=/home/slam/catkin_ws_2/src/git_project/VINS-Fusion/corridor/VINS-Fusion.tum   --plot  -as  --plot  --plot_mode=xy

evo_traj tum  /home/slam/catkin_ws_2/src/git_project/PL-VIO-master/config/traj/corridor6/PL-VIO.tum /home/slam/catkin_ws_m/src/git_project/VINS-Fusion/corridor6/SLC-VIO.tum /home/slam/catkin_ws_2/src/git_project/VINS-Fusion/corridor6/VINS-Fusion.tum --ref=/home/slam/catkin_ws_2/src/git_project/PL-VIO-master/config/traj/corridor6/PL-VIO.tum     --plot  -as  --plot  --plot_mode=xy







evo_traj tum  /home/slam/catkin_ws_2/src/git_project/PL-VIO-master/config/traj/on_car1/PL-VIO.tum /home/slam/catkin_ws_2/src/git_project/VINS-Fusion/on_car1/VINS-Fusion.tum --ref=/home/slam/catkin_ws_m/src/git_project/VINS-Fusion/on_car1/SLC-VIO.tum     --plot  -as  --plot  --plot_mode=xy





evo_traj tum  /home/slam/catkin_ws_2/src/git_project/PL-VIO-master/config/traj/on_car1/PL-VIO.tum /home/slam/catkin_ws_2/src/git_project/VINS-Fusion/on_car1/VINS-Fusion.tum --ref=/home/slam/catkin_ws_m/src/git_project/VINS-Fusion/on_car1/SLC-VIO.txt     --plot  -as  --plot  --plot_mode=xy





evo_traj tum /home/slam/catkin_ws_m/src/git_project/VINS-Fusion/on_car1/PL-VIO.tum /home/slam/catkin_ws_2/src/git_project/VINS-Fusion/on_car1/VINS-Fusion.tum --ref=/home/slam/catkin_ws_m/src/git_project/VINS-Fusion/on_car1/SLC-VIO.txt     --plot  -as  --plot  --plot_mode=xy



VINS-FUsion  2.25201 -0.41982 -0.04738

 PL-VIO    -0.17128 -1.29270 0.07441  

效果较好的第一次测试 SL-VIO      0.02220 0.38862 -0.04029   其实就是最原版的程序（9bfbd2a），仅将Rws直接固定住了    1.2%

____________



## corridor_data6

0.45355 0.02217 0.02913   0.9%

```
double dataset_time_begain = 1606353652+1;            //corridor/mynteye_data_10.bag
double dataset_time_end = dataset_time_begain+200;

string bagfile = "/home/slam/Dataset/mynteye/corridor/structural_line6_652_end.bag";
bagfile = "/home/slam/Dataset/mynteye/corridor/mynteye_data6.bag";  

```







_______________

## 经过Tum的程序修改而来

1. 辨识结构线的角度阈值对结果有明显影响，3.5～1.5的效果较好
2. 





___________

## 一些值得注意的点

1. 当前帧观测到的Rws在缓慢的偏转——————当前帧的旋转估计不正确？
2. 线在收敛时，剧烈波动？
3. 三角化的问题
   1. 点线三角化





refined tic0: -0.0903114 -0.0896272 -0.0297193
refined ric0
 0.00066362   -0.999944  -0.0106039
   0.999985 0.000720559 -0.00536672
 0.00537406  -0.0106001    0.999929
refined tic1: -0.0901451 0.00061568 -0.0285291
refined ric1
-0.000827829    -0.999969  -0.00789112
    0.999992 -0.000797263  -0.00387579
  0.00386938  -0.00789426     0.999961
***********refined Td*****0.00900265





refined ric0
  0.0011286   -0.999996 -0.00256095
   0.999991  0.00111804  0.00412339
-0.00412051 -0.00256558    0.999988
refined tic1: -0.0184902  0.0127669 -0.0208375
refined ric1
-0.000141688           -1  0.000226186
    0.999987 -0.000140548   0.00502989
 -0.00502986  0.000226895     0.999987
***********refined Td*****0.00625994



refined tic0: -0.0206875  -0.103119 -0.0217418
refined ric0
0.000215072   -0.999996 -0.00289589
   0.999992 0.000203641  0.00394695
-0.00394634 -0.00289672    0.999988
refined tic1: -0.0211658  0.0123594 -0.0215977
refined ric1
  -0.0010178    -0.999999 -5.66457e-05
    0.999987  -0.00101807   0.00494507
 -0.00494513 -5.16118e-05     0.999988
***********refined Td*****0.00639662