%YAML:1.0
---
extrinsicRotation: !!opencv-matrix
   rows: 3
   cols: 3
   dt: d
   data: [ 1.6548860968928825e-02, -9.9985935028546946e-01,
       2.7230217314234495e-03, 9.9976404986826661e-01,
       1.6585485757108942e-02, 1.4027339491252795e-02,
       -1.4070529188100551e-02, 2.4902427430824993e-03,
       9.9989790423795133e-01 ]
extrinsicTranslation: !!opencv-matrix
   rows: 3
   cols: 1
   dt: d
   data: [ -1.2746004545072982e-02, -7.6181534833343820e-02,
       8.2842173760518181e-03 ]
