%YAML:1.0
---
model_type: KANNALA_BRANDT
camera_name: camera
image_width: 752
image_height: 480
distortion_parameters:
   k2: -0.0026258615747523145
   k3: -0.05219032474290219
   k4: 0.046721135951238
   k5: -0.01647690058010057
projection_parameters:
   mu: 368.793999752765
   mv: 368.3670250066841
   u0: 384.3727891631933
   v0: 242.97906066376424
